energy             :real:0:
 -4.8120737979199886E+00
energies           :real:1:2
 -4.8438997653179436E+00  3.1825967397954687E-02
gradient           :real:2:3,2
                     NaN                     NaN                     NaN
                     NaN                     NaN                     NaN
virial             :real:2:3,3
  0.0000000000000000E+00  0.0000000000000000E+00  1.8215420009721626E-18
  0.0000000000000000E+00  0.0000000000000000E+00  8.9467202184940079E-18
  1.8215420009721626E-18  8.9467202184940079E-18 -5.9394241617278909E-01
